run	target	task	rms	r	p	q
734462.5639	sol	fix	0.297	0.000	1.000	1.00
734462.5639	sol	sacc	3.876	0.735	0.000	0.99
734462.5639	sol	spem	3.887	0.848	0.000	0.97
734462.5639	sol	vergst	7.150	0.048	0.000	0.99
734462.5639	sol	vergtr	7.168	0.022	0.131	1.00
734462.57  	sol	fix	0.438	0.000	1.000	1.00
734462.57  	sol	sacc	3.957	0.720	0.000	1.00
734462.57  	sol	spem	3.751	0.856	0.000	0.98
734462.57  	sol	vergst	0.575	0.170	0.000	1.00
734462.57  	sol	vergtr	0.614	0.105	0.172	1.00
734462.5777	sol	fix	0.686	0.000	1.000	1.00
734462.5777	sol	sacc	3.997	0.720	0.000	0.99
734462.5777	sol	spem	3.990	0.835	0.000	0.97
734462.5777	sol	vergst	7.132	0.032	0.312	0.97
734462.5777	sol	vergtr	5.403	0.193	0.000	0.99
734462.5853	sol	fix	0.348	0.000	1.000	1.00
734462.5853	sol	sacc	4.168	0.687	0.000	0.97
734462.5853	sol	spem	3.795	0.835	0.000	0.94
734462.5853	sol	vergst	0.464	0.148	0.108	0.99
734462.5853	sol	vergtr	0.546	0.101	0.000	0.99
734462.5916	sol	fix	0.368	0.000	1.000	0.97
734462.5916	sol	sacc	4.224	0.683	0.000	0.99
734462.5916	sol	spem	3.889	0.840	0.000	0.96
734462.5916	sol	vergst	7.148	0.043	0.006	1.00
734462.5916	sol	vergtr	5.336	0.209	0.000	0.99
734462.6245	sol	fix	0.665	0.000	1.000	0.97
734462.6245	sol	sacc	4.053	0.718	0.000	0.99
734462.6245	sol	spem	3.410	0.877	0.000	0.97
734462.6245	sol	vergst	7.060	0.052	0.006	0.90
734462.6245	sol	vergtr	7.061	0.030	0.233	0.95
734462.63  	sol	fix	1.065	0.000	1.000	0.78
734462.63  	sol	sacc	4.405	0.619	0.000	0.82
734462.63  	sol	spem	3.826	0.722	0.000	0.67
734462.63  	sol	vergst	1.073	0.086	0.151	0.68
734462.63  	sol	vergtr	1.182	0.059	0.023	0.83
734462.6386	sol	fix	0.714	0.000	1.000	0.84
734462.6386	sol	sacc	4.490	0.591	0.000	0.85
734462.6386	sol	spem	4.171	0.687	0.000	0.65
734462.6386	sol	vergst	6.597	0.029	0.018	0.79
734462.6386	sol	vergtr	5.343	0.229	0.000	0.73
734462.6454	sol	fix	0.842	0.000	1.000	0.81
734462.6454	sol	sacc	4.636	0.549	0.000	0.78
734462.6454	sol	spem	4.029	0.775	0.000	0.82
734462.6454	sol	vergst	0.889	0.079	0.005	0.67
734462.6454	sol	vergtr	0.922	0.061	0.000	0.80
734462.653 	sol	fix	0.442	0.000	1.000	0.90
734462.653 	sol	sacc	4.055	0.686	0.000	0.96
734462.653 	sol	spem	3.681	0.819	0.000	0.87
734462.653 	sol	vergst	7.045	0.059	0.273	0.90
734462.653 	sol	vergtr	5.005	0.206	0.000	0.92
734462.6818	CSM	fix	1.001	0.000	1.000	0.97
734462.6818	CSM	sacc	4.833	0.613	0.000	0.99
734462.6818	CSM	spem	4.991	0.734	0.000	0.99
734462.6818	CSM	vergst	7.123	0.070	0.002	0.97
734462.6818	CSM	vergtr	7.149	0.055	0.018	0.99
734462.6874	CSM	fix	3.064	0.000	1.000	0.84
734462.6874	CSM	sacc	5.460	0.445	0.000	0.99
734462.6874	CSM	spem	5.628	0.640	0.000	0.98
734462.6874	CSM	vergst	3.109	0.084	0.026	0.98
734462.6874	CSM	vergtr	3.075	0.127	0.004	0.95
734462.694 	CSM	fix	1.468	0.000	1.000	0.76
734462.694 	CSM	sacc	4.828	0.558	0.000	0.96
734462.694 	CSM	spem	6.854	0.472	0.000	0.94
734462.694 	CSM	vergst	6.056	0.172	0.000	0.80
734462.694 	CSM	vergtr	4.602	0.205	0.000	0.87
734462.7018	CSM	fix	1.135	0.000	1.000	0.90
734462.7018	CSM	sacc	4.923	0.518	0.000	0.98
734462.7018	CSM	spem	5.613	0.638	0.000	0.97
734462.7018	CSM	vergst	1.211	0.075	0.000	0.93
734462.7018	CSM	vergtr	1.206	0.081	0.099	0.97
734462.7093	CSM	fix	1.537	0.000	1.000	0.91
734462.7093	CSM	sacc	4.920	0.469	0.000	0.81
734462.7093	CSM	spem	5.421	0.668	0.000	0.96
734462.7093	CSM	vergst	6.210	0.104	0.000	0.89
734462.7093	CSM	vergtr	3.802	0.236	0.000	0.90
734462.7472	CSM	fix	1.269	0.000	1.000	0.92
734462.7472	CSM	sacc	4.649	0.644	0.000	0.95
734462.7472	CSM	spem	5.049	0.681	0.000	0.84
734462.7472	CSM	vergst	6.967	0.072	0.000	0.89
734462.7472	CSM	vergtr	6.997	0.042	0.005	0.89
734462.7532	CSM	fix	2.679	0.000	1.000	0.73
734462.7532	CSM	sacc	5.206	0.452	0.000	0.83
734462.7532	CSM	spem	6.248	0.528	0.000	0.91
734462.7532	CSM	vergst	2.658	0.167	0.000	0.69
734462.7532	CSM	vergtr	2.749	0.105	0.002	0.84
734462.7732	CSM	fix	1.769	0.000	1.000	0.69
734462.7732	CSM	sacc	4.877	0.534	0.000	0.90
734462.7732	CSM	spem	5.420	0.698	0.000	0.97
734462.7732	CSM	vergst	1.821	0.073	0.001	0.95
734462.7732	CSM	vergtr	1.837	0.096	0.000	0.91
734462.7801	CSM	fix	NaN	NaN	NaN	0.00
734462.7801	CSM	sacc	NaN	NaN	NaN	0.02
734462.7801	CSM	spem	NaN	NaN	NaN	0.00
734462.7801	CSM	vergst	NaN	NaN	NaN	0.00
734462.7801	CSM	vergtr	NaN	NaN	NaN	0.23
734462.7994	CSM	fix	1.419	0.000	1.000	0.81
734462.7994	CSM	sacc	4.448	0.659	0.000	0.97
734462.7994	CSM	spem	4.045	0.836	0.000	0.96
734462.7994	CSM	vergst	6.405	0.051	0.123	0.94
734462.7994	CSM	vergtr	5.465	0.207	0.000	0.93
734483.4198	sol	fix	0.717	0.000	1.000	0.96
734483.4198	sol	sacc	3.932	0.742	0.000	1.00
734483.4198	sol	spem	3.636	0.911	0.000	1.00
734483.4198	sol	vergst	8.776	0.076	0.000	0.98
734483.4198	sol	vergtr	8.778	0.013	0.317	0.97
734483.4253	sol	fix	0.908	0.000	1.000	0.94
734483.4253	sol	sacc	4.234	0.704	0.000	0.99
734483.4253	sol	spem	4.427	0.882	0.000	0.96
734483.4253	sol	vergst	1.026	0.136	0.032	0.99
734483.4253	sol	vergtr	1.005	0.107	0.000	0.99
734483.4317	sol	fix	0.297	0.000	1.000	0.97
734483.4317	sol	sacc	4.317	0.705	0.000	1.00
734483.4317	sol	spem	3.704	0.900	0.000	0.99
734483.4317	sol	vergst	8.611	0.040	0.060	0.99
734483.4317	sol	vergtr	5.872	0.195	0.000	1.00
734483.4387	sol	fix	0.330	0.000	1.000	0.94
734483.4387	sol	sacc	4.212	0.710	0.000	0.99
734483.4387	sol	spem	3.616	0.910	0.000	0.98
734483.4387	sol	vergst	0.474	0.124	0.068	0.97
734483.4387	sol	vergtr	0.596	0.183	0.127	0.99
734483.4455	sol	fix	0.307	0.000	1.000	0.94
734483.4455	sol	sacc	4.101	0.722	0.000	1.00
734483.4455	sol	spem	3.785	0.908	0.000	0.99
734483.4455	sol	vergst	8.980	0.072	0.010	0.98
734483.4455	sol	vergtr	5.630	0.157	0.000	0.98
734483.4789	sol	fix	0.536	0.000	1.000	0.99
734483.4789	sol	sacc	3.913	0.741	0.000	0.99
734483.4789	sol	spem	3.396	0.886	0.000	0.99
734483.4789	sol	vergst	7.215	0.042	0.180	0.98
734483.4789	sol	vergtr	7.232	0.009	0.381	0.97
734483.4849	sol	fix	0.646	0.000	1.000	0.96
734483.4849	sol	sacc	4.004	0.722	0.000	0.99
734483.4849	sol	spem	3.501	0.879	0.000	0.99
734483.4849	sol	vergst	0.792	0.085	0.090	0.97
734483.4849	sol	vergtr	0.821	0.062	0.181	0.97
734483.4939	sol	fix	0.588	0.000	1.000	0.97
734483.4939	sol	sacc	3.916	0.731	0.000	0.98
734483.4939	sol	spem	2.844	0.918	0.000	0.99
734483.4939	sol	vergst	6.952	0.049	0.007	0.96
734483.4939	sol	vergtr	5.450	0.220	0.104	0.98
734483.4996	sol	fix	0.602	0.000	1.000	0.96
734483.4996	sol	sacc	3.915	0.714	0.000	0.97
734483.4996	sol	spem	3.378	0.882	0.000	0.98
734483.4996	sol	vergst	0.704	0.108	0.002	0.96
734483.4996	sol	vergtr	0.752	0.074	0.000	0.97
734483.5066	sol	fix	0.351	0.000	1.000	0.97
734483.5066	sol	sacc	3.853	0.730	0.000	0.98
734483.5066	sol	spem	3.132	0.900	0.000	0.98
734483.5066	sol	vergst	7.266	0.057	0.000	0.97
734483.5066	sol	vergtr	5.343	0.204	0.000	0.97
734483.5287	CSM	fix	0.937	0.000	1.000	0.95
734483.5287	CSM	sacc	4.753	0.649	0.000	1.00
734483.5287	CSM	spem	4.394	0.877	0.000	1.00
734483.5287	CSM	vergst	9.099	0.059	0.000	0.99
734483.5287	CSM	vergtr	9.116	0.021	0.377	0.99
734483.5344	CSM	fix	1.033	0.000	1.000	0.96
734483.5344	CSM	sacc	4.465	0.687	0.000	1.00
734483.5344	CSM	spem	4.513	0.877	0.000	0.99
734483.5344	CSM	vergst	1.047	0.087	0.000	0.99
734483.5344	CSM	vergtr	1.133	0.119	0.000	1.00
734483.5405	CSM	fix	0.602	0.000	1.000	0.96
734483.5405	CSM	sacc	4.374	0.704	0.000	0.99
734483.5405	CSM	spem	4.862	0.876	0.000	0.98
734483.5405	CSM	vergst	9.776	0.068	0.076	0.98
734483.5405	CSM	vergtr	5.883	0.134	0.000	0.98
734483.5479	CSM	fix	0.988	0.000	1.000	0.93
734483.5479	CSM	sacc	4.488	0.695	0.000	0.99
734483.5479	CSM	spem	5.111	0.869	0.000	0.98
734483.5479	CSM	vergst	1.035	0.188	0.000	0.97
734483.5479	CSM	vergtr	1.102	0.065	0.010	0.96
734483.5552	CSM	fix	0.720	0.000	1.000	0.92
734483.5552	CSM	sacc	4.531	0.672	0.000	0.99
734483.5552	CSM	spem	4.821	0.869	0.000	0.98
734483.5552	CSM	vergst	9.489	0.025	0.354	0.99
734483.5552	CSM	vergtr	5.824	0.171	0.000	0.95
734483.5759	CSM	fix	0.737	0.000	1.000	0.96
734483.5759	CSM	sacc	4.609	0.625	0.000	0.96
734483.5759	CSM	spem	4.050	0.842	0.000	0.97
734483.5759	CSM	vergst	7.300	0.044	0.007	0.97
734483.5759	CSM	vergtr	7.309	0.017	0.364	0.96
734483.5828	CSM	fix	1.036	0.000	1.000	0.94
734483.5828	CSM	sacc	4.396	0.670	0.000	0.96
734483.5828	CSM	spem	3.813	0.856	0.000	0.96
734483.5828	CSM	vergst	1.085	0.029	0.038	0.95
734483.5828	CSM	vergtr	1.106	0.058	0.012	0.96
734483.5886	CSM	fix	0.751	0.000	1.000	0.95
734483.5886	CSM	sacc	4.232	0.675	0.000	0.97
734483.5886	CSM	spem	3.605	0.863	0.000	0.97
734483.5886	CSM	vergst	6.636	0.129	0.000	0.93
734483.5886	CSM	vergtr	5.057	0.059	0.243	0.94
734483.6025	CSM	fix	0.993	0.000	1.000	0.89
734483.6025	CSM	sacc	4.337	0.658	0.000	0.94
734483.6025	CSM	spem	3.610	0.874	0.000	0.96
734483.6025	CSM	vergst	1.084	0.116	0.002	0.95
734483.6025	CSM	vergtr	1.088	0.099	0.000	0.96
734483.6086	CSM	fix	0.664	0.000	1.000	0.96
734483.6086	CSM	sacc	4.385	0.656	0.000	0.97
734483.6086	CSM	spem	3.409	0.883	0.000	0.99
734483.6086	CSM	vergst	6.910	0.044	0.080	0.96
734483.6086	CSM	vergtr	5.138	0.171	0.000	0.97
734484.4076	sol	fix	0.831	0.000	1.000	0.93
734484.4076	sol	sacc	4.098	0.742	0.000	0.99
734484.4076	sol	spem	3.718	0.870	0.000	0.97
734484.4076	sol	vergst	7.838	0.043	0.006	0.99
734484.4076	sol	vergtr	7.842	0.027	0.130	0.99
734484.4131	sol	fix	0.472	0.000	1.000	0.99
734484.4131	sol	sacc	3.803	0.753	0.000	1.00
734484.4131	sol	spem	3.441	0.887	0.000	1.00
734484.4131	sol	vergst	0.585	0.162	0.000	1.00
734484.4131	sol	vergtr	0.659	0.134	0.000	0.99
734484.4184	sol	fix	0.540	0.000	1.000	0.99
734484.4184	sol	sacc	3.842	0.742	0.000	0.94
734484.4184	sol	spem	3.219	0.874	0.000	0.92
734484.4184	sol	vergst	7.612	0.045	0.017	0.98
734484.4184	sol	vergtr	5.743	0.236	0.000	0.97
734484.4247	sol	fix	0.377	0.000	1.000	0.99
734484.4247	sol	sacc	4.079	0.725	0.000	0.97
734484.4247	sol	spem	3.423	0.892	0.000	0.99
734484.4247	sol	vergst	0.531	0.218	0.000	0.99
734484.4247	sol	vergtr	0.596	0.128	0.000	0.98
734484.4314	sol	fix	0.523	0.000	1.000	0.99
734484.4314	sol	sacc	3.944	0.736	0.000	0.98
734484.4314	sol	spem	3.318	0.899	0.000	0.99
734484.4314	sol	vergst	7.722	0.031	0.235	0.99
734484.4314	sol	vergtr	5.631	0.160	0.000	0.99
734484.4597	sol	fix	0.391	0.000	1.000	0.95
734484.4597	sol	sacc	3.775	0.749	0.000	0.98
734484.4597	sol	spem	3.828	0.849	0.000	0.97
734484.4597	sol	vergst	7.221	0.052	0.042	0.97
734484.4597	sol	vergtr	7.213	0.033	0.113	0.92
734484.4653	sol	fix	0.435	0.000	1.000	0.93
734484.4653	sol	sacc	3.688	0.756	0.000	0.99
734484.4653	sol	spem	3.192	0.895	0.000	0.98
734484.4653	sol	vergst	0.555	0.124	0.000	0.97
734484.4653	sol	vergtr	0.641	0.103	0.000	0.97
734484.4714	sol	fix	0.458	0.000	1.000	0.97
734484.4714	sol	sacc	3.861	0.754	0.000	0.99
734484.4714	sol	spem	3.439	0.880	0.000	0.98
734484.4714	sol	vergst	7.221	0.050	0.161	0.96
734484.4714	sol	vergtr	5.623	0.204	0.000	0.99
734484.4779	sol	fix	0.554	0.000	1.000	0.96
734484.4779	sol	sacc	3.800	0.741	0.000	0.98
734484.4779	sol	spem	3.541	0.860	0.000	0.96
734484.4779	sol	vergst	0.609	0.140	0.002	0.97
734484.4779	sol	vergtr	0.707	0.037	0.130	0.99
734484.486 	sol	fix	0.583	0.000	1.000	0.97
734484.486 	sol	sacc	3.739	0.756	0.000	0.99
734484.486 	sol	spem	3.542	0.873	0.000	0.97
734484.486 	sol	vergst	7.290	0.047	0.018	0.99
734484.486 	sol	vergtr	5.464	0.183	0.000	0.98
734484.5213	CSM	fix	0.611	0.000	1.000	0.97
734484.5213	CSM	sacc	4.400	0.667	0.000	0.98
734484.5213	CSM	spem	4.112	0.838	0.000	0.97
734484.5213	CSM	vergst	7.628	0.063	0.007	0.97
734484.5213	CSM	vergtr	7.629	0.023	0.250	0.97
734484.5272	CSM	fix	1.042	0.000	1.000	0.95
734484.5272	CSM	sacc	4.388	0.619	0.000	0.88
734484.5272	CSM	spem	4.910	0.766	0.000	0.82
734484.5272	CSM	vergst	1.117	0.079	0.000	0.96
734484.5272	CSM	vergtr	1.144	0.089	0.000	0.96
734484.5339	CSM	fix	0.753	0.000	1.000	0.96
734484.5339	CSM	sacc	4.236	0.669	0.000	0.93
734484.5339	CSM	spem	4.283	0.803	0.000	0.89
734484.5339	CSM	vergst	7.633	0.056	0.036	0.88
734484.5339	CSM	vergtr	5.350	0.203	0.000	0.88
734484.5413	CSM	fix	1.049	0.000	1.000	0.94
734484.5413	CSM	sacc	4.107	0.626	0.000	0.76
734484.5413	CSM	spem	4.119	0.829	0.000	0.95
734484.5413	CSM	vergst	1.122	0.097	0.048	0.96
734484.5413	CSM	vergtr	1.134	0.040	0.007	0.94
734484.547 	CSM	fix	0.870	0.000	1.000	0.96
734484.547 	CSM	sacc	4.304	0.652	0.000	0.98
734484.547 	CSM	spem	4.548	0.816	0.000	0.99
734484.547 	CSM	vergst	7.694	0.032	0.194	0.98
734484.547 	CSM	vergtr	4.812	0.192	0.000	0.96
734484.5753	CSM	fix	0.870	0.000	1.000	0.96
734484.5753	CSM	sacc	4.304	0.652	0.000	0.98
734484.5753	CSM	spem	4.548	0.816	0.000	0.99
734484.5753	CSM	vergst	7.694	0.032	0.194	0.98
734484.5753	CSM	vergtr	4.812	0.192	0.000	0.96
734484.5834	CSM	fix	0.688	0.000	1.000	0.96
734484.5834	CSM	sacc	4.339	0.671	0.000	0.99
734484.5834	CSM	spem	4.692	0.769	0.000	0.97
734484.5834	CSM	vergst	6.630	0.045	0.028	0.96
734484.5834	CSM	vergtr	6.651	0.031	0.154	0.95
734484.5887	CSM	fix	1.025	0.000	1.000	0.91
734484.5887	CSM	sacc	4.291	0.646	0.000	0.93
734484.5887	CSM	spem	4.935	0.747	0.000	0.93
734484.5887	CSM	vergst	1.061	0.104	0.190	0.94
734484.5887	CSM	vergtr	1.093	0.087	0.003	0.94
734484.5945	CSM	fix	1.019	0.000	1.000	0.87
734484.5945	CSM	sacc	4.800	0.527	0.000	0.83
734484.5945	CSM	spem	5.959	0.611	0.000	0.92
734484.5945	CSM	vergst	6.047	0.056	0.212	0.93
734484.5945	CSM	vergtr	5.162	0.185	0.000	0.96
734484.6017	CSM	fix	0.834	0.000	1.000	0.93
734484.6017	CSM	sacc	4.965	0.518	0.000	0.86
734484.6017	CSM	spem	5.616	0.632	0.000	0.88
734484.6017	CSM	vergst	0.858	0.134	0.178	0.90
734484.6017	CSM	vergtr	0.955	0.125	0.029	0.89
734484.6083	CSM	fix	1.087	0.000	1.000	0.93
734484.6083	CSM	sacc	4.846	0.523	0.000	0.88
734484.6083	CSM	spem	5.864	0.595	0.000	0.90
734484.6083	CSM	vergst	5.513	0.062	0.224	0.93
734484.6083	CSM	vergtr	4.596	0.176	0.090	0.87
734560.3922	sol	fix	0.649	0.000	1.000	0.95
734560.3922	sol	sacc	3.698	0.753	0.000	1.00
734560.3922	sol	spem	3.107	0.899	0.000	0.99
734560.3922	sol	vergst	6.974	0.045	0.006	0.98
734560.3922	sol	vergtr	6.961	0.031	0.008	0.97
734560.3978	sol	fix	0.781	0.000	1.000	0.96
734560.3978	sol	sacc	3.731	0.734	0.000	1.00
734560.3978	sol	spem	3.156	0.898	0.000	0.96
734560.3978	sol	vergst	0.855	0.137	0.087	0.99
734560.3978	sol	vergtr	0.929	0.141	0.001	0.99
734560.4034	sol	fix	0.475	0.000	1.000	0.98
734560.4034	sol	sacc	3.715	0.751	0.000	1.00
734560.4034	sol	spem	3.032	0.893	0.000	0.94
734560.4034	sol	vergst	7.152	0.068	0.000	0.99
734560.4034	sol	vergtr	5.173	0.217	0.000	0.97
734560.4099	sol	fix	1.409	0.000	1.000	0.70
734560.4099	sol	sacc	4.372	0.609	0.000	0.78
734560.4099	sol	spem	3.920	0.724	0.000	0.61
734560.4099	sol	vergst	1.459	0.178	0.000	0.82
734560.4099	sol	vergtr	1.529	0.087	0.167	0.64
734560.4297	sol	fix	0.455	0.000	1.000	0.98
734560.4297	sol	sacc	3.936	0.729	0.000	1.00
734560.4297	sol	spem	3.359	0.892	0.000	0.99
734560.4297	sol	vergst	0.623	0.193	0.000	1.00
734560.4297	sol	vergtr	0.659	0.105	0.039	0.99
734560.4355	sol	fix	0.497	0.000	1.000	0.97
734560.4355	sol	sacc	3.934	0.728	0.000	1.00
734560.4355	sol	spem	3.398	0.890	0.000	0.99
734560.4355	sol	vergst	7.535	0.058	0.094	0.99
734560.4355	sol	vergtr	5.343	0.243	0.000	0.98
734560.4629	sol	fix	0.483	0.000	1.000	0.99
734560.4629	sol	sacc	4.189	0.719	0.000	1.00
734560.4629	sol	spem	3.363	0.899	0.000	1.00
734560.4629	sol	vergst	7.832	0.056	0.000	1.00
734560.4629	sol	vergtr	7.839	0.015	0.447	0.99
734560.4683	sol	fix	0.600	0.000	1.000	0.98
734560.4683	sol	sacc	4.159	0.713	0.000	1.00
734560.4683	sol	spem	3.346	0.898	0.000	1.00
734560.4683	sol	vergst	0.668	0.188	0.015	0.99
734560.4683	sol	vergtr	0.746	0.099	0.208	0.99
734560.4742	sol	fix	0.329	0.000	1.000	0.99
734560.4742	sol	sacc	3.994	0.738	0.000	1.00
734560.4742	sol	spem	3.550	0.882	0.000	1.00
734560.4742	sol	vergst	7.575	0.049	0.008	0.99
734560.4742	sol	vergtr	5.805	0.198	0.204	0.98
734560.4801	sol	fix	0.437	0.000	1.000	0.98
734560.4801	sol	sacc	3.972	0.726	0.000	0.99
734560.4801	sol	spem	3.591	0.876	0.000	1.00
734560.4801	sol	vergst	0.623	0.185	0.016	0.99
734560.4801	sol	vergtr	0.636	0.060	0.025	0.99
734560.489 	sol	fix	0.383	0.000	1.000	0.99
734560.489 	sol	sacc	3.992	0.734	0.000	1.00
734560.489 	sol	spem	3.336	0.896	0.000	1.00
734560.489 	sol	vergst	0.574	0.212	0.000	0.99
734560.489 	sol	vergtr	0.622	0.098	0.005	0.99
734560.4948	sol	fix	0.321	0.000	1.000	0.99
734560.4948	sol	sacc	3.939	0.747	0.000	1.00
734560.4948	sol	spem	3.206	0.904	0.000	1.00
734560.4948	sol	vergst	7.505	0.070	0.000	0.99
734560.4948	sol	vergtr	5.615	0.156	0.004	0.98
734560.5155	CSM	fix	0.690	0.000	1.000	0.90
734560.5155	CSM	sacc	4.492	0.655	0.000	0.96
734560.5155	CSM	spem	4.762	0.863	0.000	0.96
734560.5155	CSM	vergst	9.498	0.043	0.133	0.96
734560.5155	CSM	vergtr	9.496	0.037	0.087	0.94
734560.5236	CSM	fix	0.924	0.000	1.000	0.89
734560.5236	CSM	sacc	4.480	0.694	0.000	0.99
734560.5236	CSM	spem	5.144	0.849	0.000	0.95
734560.5236	CSM	vergst	0.965	0.062	0.141	0.93
734560.5236	CSM	vergtr	1.010	0.041	0.131	0.97
734560.5308	CSM	fix	1.084	0.000	1.000	0.61
734560.5308	CSM	sacc	4.473	0.608	0.000	0.63
734560.5308	CSM	spem	4.404	0.858	0.000	0.87
734560.5308	CSM	vergst	9.183	0.065	0.001	0.81
734560.5308	CSM	vergtr	6.611	0.135	0.000	0.63
734560.5397	CSM	fix	0.992	0.000	1.000	0.73
734560.5397	CSM	sacc	4.622	0.671	0.000	0.96
734560.5397	CSM	spem	4.417	0.862	0.000	0.91
734560.5397	CSM	vergst	1.060	0.111	0.000	0.94
734560.5397	CSM	vergtr	1.057	0.195	0.000	0.87
734560.547 	CSM	fix	1.233	0.000	1.000	0.80
734560.547 	CSM	sacc	4.456	0.673	0.000	0.95
734560.547 	CSM	spem	4.631	0.834	0.000	0.86
734560.547 	CSM	vergst	9.089	0.031	0.085	0.95
734560.547 	CSM	vergtr	5.682	0.220	0.000	0.74
734560.5648	CSM	fix	0.504	0.000	1.000	0.99
734560.5648	CSM	sacc	4.149	0.684	0.000	1.00
734560.5648	CSM	spem	3.351	0.887	0.000	1.00
734560.5648	CSM	vergst	6.726	0.049	0.115	0.99
734560.5648	CSM	vergtr	6.703	0.034	0.158	0.99
734560.5726	CSM	fix	1.085	0.000	1.000	0.97
734560.5726	CSM	sacc	4.124	0.690	0.000	1.00
734560.5726	CSM	spem	3.434	0.891	0.000	1.00
734560.5726	CSM	vergst	1.114	0.120	0.000	1.00
734560.5726	CSM	vergtr	1.137	0.159	0.000	0.99
734560.5782	CSM	fix	0.630	0.000	1.000	0.99
734560.5782	CSM	sacc	4.271	0.664	0.000	0.99
734560.5782	CSM	spem	3.538	0.880	0.000	1.00
734560.5782	CSM	vergst	7.137	0.053	0.035	0.99
734560.5782	CSM	vergtr	4.966	0.178	0.000	0.98
734560.5855	CSM	fix	0.970	0.000	1.000	0.96
734560.5855	CSM	sacc	4.209	0.684	0.000	0.99
734560.5855	CSM	spem	3.710	0.868	0.000	1.00
734560.5855	CSM	vergst	1.056	0.118	0.174	0.99
734560.5855	CSM	vergtr	1.038	0.102	0.000	0.99
734560.5996	CSM	fix	0.915	0.000	1.000	0.98
734560.5996	CSM	sacc	4.201	0.672	0.000	1.00
734560.5996	CSM	spem	4.045	0.844	0.000	1.00
734560.5996	CSM	vergst	6.951	0.098	0.000	0.98
734560.5996	CSM	vergtr	4.788	0.247	0.000	0.99
734595.397 	sol	fix	0.200	0.000	1.000	1.00
734595.397 	sol	sacc	4.057	0.672	0.000	0.99
734595.397 	sol	spem	4.371	0.786	0.000	0.99
734595.397 	sol	vergst	5.622	0.071	0.000	1.00
734595.397 	sol	vergtr	5.577	0.044	0.002	1.00
734595.4043	sol	fix	0.386	0.000	1.000	1.00
734595.4043	sol	sacc	3.766	0.737	0.000	1.00
734595.4043	sol	spem	3.618	0.862	0.000	0.99
734595.4043	sol	vergst	6.461	0.074	0.014	1.00
734595.4043	sol	vergtr	6.466	0.021	0.092	1.00
734595.4112	sol	fix	0.469	0.000	1.000	1.00
734595.4112	sol	sacc	3.923	0.713	0.000	1.00
734595.4112	sol	spem	3.725	0.857	0.000	1.00
734595.4112	sol	vergst	0.690	0.298	0.000	0.99
734595.4112	sol	vergtr	0.671	0.063	0.001	1.00
734595.4188	sol	fix	0.644	0.000	1.000	0.93
734595.4188	sol	sacc	3.843	0.731	0.000	1.00
734595.4188	sol	spem	3.801	0.845	0.000	0.99
734595.4188	sol	vergst	6.496	0.077	0.031	1.00
734595.4188	sol	vergtr	4.922	0.233	0.000	1.00
734595.4267	sol	fix	0.660	0.000	1.000	0.99
734595.4267	sol	sacc	3.901	0.719	0.000	1.00
734595.4267	sol	spem	3.840	0.848	0.000	1.00
734595.4267	sol	vergst	0.792	0.187	0.000	1.00
734595.4267	sol	vergtr	0.820	0.096	0.012	1.00
734595.4333	sol	fix	0.788	0.000	1.000	1.00
734595.4333	sol	sacc	4.272	0.652	0.000	1.00
734595.4333	sol	spem	4.145	0.827	0.000	0.99
734595.4333	sol	vergst	6.867	0.038	0.026	0.98
734595.4333	sol	vergtr	4.637	0.184	0.000	0.99
734595.4423	sol	fix	1.016	0.000	1.000	1.00
734595.4423	sol	sacc	4.284	0.628	0.000	0.96
734595.4423	sol	spem	4.500	0.794	0.000	0.99
734595.4423	sol	vergst	6.672	0.057	0.000	1.00
734595.4423	sol	vergtr	4.337	0.227	0.000	1.00
734595.4773	sol	fix	1.347	0.000	1.000	0.90
734595.4773	sol	sacc	3.873	0.741	0.000	0.97
734595.4773	sol	spem	3.209	0.891	0.000	0.97
734595.4773	sol	vergst	6.987	0.054	0.279	0.97
734595.4773	sol	vergtr	6.991	0.008	0.597	0.92
734595.4848	sol	fix	1.877	0.000	1.000	0.76
734595.4848	sol	sacc	4.220	0.684	0.000	0.91
734595.4848	sol	spem	3.591	0.811	0.000	0.85
734595.4848	sol	vergst	1.917	0.020	0.350	0.88
734595.4848	sol	vergtr	1.979	0.056	0.187	0.91
734595.4924	sol	fix	1.286	0.000	1.000	0.93
734595.4924	sol	sacc	5.425	0.434	0.000	0.94
734595.4924	sol	spem	6.843	0.373	0.000	0.72
734595.4924	sol	vergst	5.558	0.043	0.010	0.95
734595.4924	sol	vergtr	4.852	0.194	0.000	0.96
734595.5009	sol	fix	0.877	0.000	1.000	0.91
734595.5009	sol	sacc	4.014	0.717	0.000	0.99
734595.5009	sol	spem	3.372	0.876	0.000	0.97
734595.5009	sol	vergst	0.952	0.060	0.087	0.97
734595.5009	sol	vergtr	0.985	0.044	0.208	0.97
734595.5087	sol	fix	0.898	0.000	1.000	0.95
734595.5087	sol	sacc	4.077	0.715	0.000	1.00
734595.5087	sol	spem	3.283	0.885	0.000	0.97
734595.5087	sol	vergst	6.980	0.062	0.000	0.97
734595.5087	sol	vergtr	5.485	0.205	0.000	0.95
734595.5447	CSM	fix	1.067	0.000	1.000	1.00
734595.5447	CSM	sacc	4.586	0.607	0.000	1.00
734595.5447	CSM	spem	4.842	0.746	0.000	0.97
734595.5447	CSM	vergst	6.293	0.037	0.004	1.00
734595.5447	CSM	vergtr	6.314	0.023	0.428	0.99
734595.5522	CSM	fix	1.376	0.000	1.000	0.94
734595.5522	CSM	sacc	4.661	0.537	0.000	0.95
734595.5522	CSM	spem	5.890	0.571	0.000	0.97
734595.5522	CSM	vergst	1.419	0.112	0.002	0.98
734595.5522	CSM	vergtr	1.416	0.115	0.000	0.96
734595.5596	CSM	fix	0.726	0.000	1.000	0.94
734595.5596	CSM	sacc	4.694	0.565	0.000	0.97
734595.5596	CSM	spem	5.693	0.605	0.000	1.00
734595.5596	CSM	vergst	6.040	0.087	0.000	0.96
734595.5596	CSM	vergtr	4.075	0.226	0.000	0.86
734595.5674	CSM	fix	0.673	0.000	1.000	0.98
734595.5674	CSM	sacc	4.510	0.635	0.000	1.00
734595.5674	CSM	spem	4.376	0.793	0.000	1.00
734595.5674	CSM	vergst	0.764	0.133	0.000	1.00
734595.5674	CSM	vergtr	0.774	0.149	0.000	1.00
734595.5752	CSM	fix	0.846	0.000	1.000	0.99
734595.5752	CSM	sacc	4.474	0.623	0.000	1.00
734595.5752	CSM	spem	4.060	0.828	0.000	1.00
734595.5752	CSM	vergst	6.130	0.044	0.002	1.00
734595.5752	CSM	vergtr	4.751	0.136	0.000	1.00
734596.3866	sol	fix	0.965	0.000	1.000	0.99
734596.3866	sol	sacc	3.935	0.735	0.000	0.95
734596.3866	sol	spem	3.749	0.861	0.000	0.92
734596.3866	sol	vergst	6.573	0.044	0.028	0.98
734596.3866	sol	vergtr	6.607	0.014	0.324	0.99
734596.4057	sol	fix	0.636	0.000	1.000	0.97
734596.4057	sol	sacc	4.064	0.739	0.000	0.97
734596.4057	sol	spem	3.798	0.867	0.000	0.97
734596.4057	sol	vergst	0.718	0.061	0.036	0.97
734596.4057	sol	vergtr	0.797	0.027	0.140	0.97
734596.413 	sol	fix	0.505	0.000	1.000	0.98
734596.413 	sol	sacc	4.110	0.757	0.000	0.99
734596.413 	sol	spem	3.712	0.880	0.000	0.98
734596.413 	sol	vergst	8.041	0.055	0.117	0.98
734596.413 	sol	vergtr	6.263	0.200	0.108	0.99
734596.4206	sol	fix	0.684	0.000	1.000	0.98
734596.4206	sol	sacc	4.220	0.712	0.000	0.96
734596.4206	sol	spem	3.625	0.881	0.000	0.98
734596.4206	sol	vergst	0.829	0.095	0.001	0.98
734596.4206	sol	vergtr	0.832	0.035	0.233	0.98
734596.4285	sol	fix	0.551	0.000	1.000	0.98
734596.4285	sol	sacc	4.005	0.745	0.000	0.99
734596.4285	sol	spem	3.649	0.884	0.000	0.99
734596.4285	sol	vergst	7.897	0.054	0.033	0.98
734596.4285	sol	vergtr	5.763	0.223	0.000	0.99
734596.455 	sol	fix	0.604	0.000	1.000	0.97
734596.455 	sol	sacc	4.073	0.656	0.000	0.91
734596.455 	sol	spem	3.988	0.820	0.000	0.92
734596.455 	sol	vergst	7.465	0.051	0.001	0.91
734596.455 	sol	vergtr	7.454	0.015	0.371	0.97
734596.4623	sol	fix	1.090	0.000	1.000	0.82
734596.4623	sol	sacc	4.426	0.550	0.000	0.60
734596.4623	sol	spem	4.451	0.577	0.000	0.49
734596.4623	sol	vergst	1.229	0.177	0.016	0.82
734596.4623	sol	vergtr	1.167	0.097	0.000	0.82
734596.4702	sol	fix	1.374	0.000	1.000	0.66
734596.4702	sol	sacc	4.240	0.530	0.000	0.61
734596.4702	sol	spem	4.575	0.615	0.000	0.52
734596.4702	sol	vergst	8.079	0.035	0.100	0.66
734596.4702	sol	vergtr	5.455	0.135	0.002	0.77
734596.4839	sol	fix	1.111	0.000	1.000	0.80
734596.4839	sol	sacc	4.823	0.552	0.000	0.61
734596.4839	sol	spem	3.974	0.697	0.000	0.62
734596.4839	sol	vergst	1.166	0.198	0.046	0.57
734596.4839	sol	vergtr	1.140	0.141	0.000	0.41
734596.4915	sol	fix	2.164	0.000	1.000	0.69
734596.4915	sol	sacc	5.881	0.510	0.000	0.64
734596.4915	sol	spem	5.676	0.715	0.000	0.66
734596.4915	sol	vergst	10.135	0.042	0.451	0.62
734596.4915	sol	vergtr	7.187	0.123	0.002	0.59
734596.5041	CSM	fix	0.695	0.000	1.000	0.97
734596.5041	CSM	sacc	4.412	0.702	0.000	0.99
734596.5041	CSM	spem	4.987	0.760	0.000	0.99
734596.5041	CSM	vergst	7.178	0.062	0.024	0.99
734596.5041	CSM	vergtr	7.207	0.012	0.325	0.99
734596.5117	CSM	fix	0.861	0.000	1.000	0.98
734596.5117	CSM	sacc	4.137	0.655	0.000	0.90
734596.5117	CSM	spem	5.031	0.684	0.000	0.83
734596.5117	CSM	vergst	0.945	0.088	0.000	1.00
734596.5117	CSM	vergtr	0.958	0.125	0.002	1.00
734596.5206	CSM	fix	0.656	0.000	1.000	0.99
734596.5206	CSM	sacc	4.244	0.630	0.000	0.89
734596.5206	CSM	spem	4.885	0.689	0.000	0.83
734596.5206	CSM	vergst	5.900	0.045	0.120	1.00
734596.5206	CSM	vergtr	5.250	0.078	0.000	1.00
734596.5376	CSM	fix	1.341	0.000	1.000	0.74
734596.5376	CSM	sacc	4.330	0.650	0.000	0.89
734596.5376	CSM	spem	4.590	0.740	0.000	0.82
734596.5376	CSM	vergst	1.460	0.075	0.020	1.00
734596.5376	CSM	vergtr	1.548	0.085	0.000	1.00
734596.5439	CSM	fix	0.639	0.000	1.000	0.99
734596.5439	CSM	sacc	4.307	0.639	0.000	0.91
734596.5439	CSM	spem	4.855	0.753	0.000	0.85
734596.5439	CSM	vergst	7.625	0.062	0.050	1.00
734596.5439	CSM	vergtr	5.403	0.133	0.000	1.00
734596.5592	CSM	fix	2.023	0.000	1.000	0.68
734596.5592	CSM	sacc	4.956	0.484	0.000	0.75
734596.5592	CSM	spem	6.505	0.502	0.000	0.76
734596.5592	CSM	vergst	6.802	0.067	0.039	0.61
734596.5592	CSM	vergtr	6.785	0.057	0.043	0.77
734596.5673	CSM	fix	2.489	0.000	1.000	0.72
734596.5673	CSM	sacc	5.184	0.401	0.000	0.70
734596.5673	CSM	spem	7.746	0.225	0.000	0.57
734596.5673	CSM	vergst	2.456	0.097	0.005	0.59
734596.5673	CSM	vergtr	2.540	0.102	0.078	0.72
734596.5737	CSM	fix	2.295	0.000	1.000	0.61
734596.5737	CSM	sacc	6.089	0.193	0.002	0.63
734596.5737	CSM	spem	8.123	0.110	0.197	0.52
734596.5737	CSM	vergst	4.086	0.168	0.000	0.67
734596.5737	CSM	vergtr	4.250	0.218	0.000	0.55
734596.5886	CSM	fix	4.174	0.000	1.000	0.60
734596.5886	CSM	sacc	5.621	0.349	0.000	0.52
734596.5886	CSM	spem	7.296	0.332	0.000	0.59
734596.5886	CSM	vergst	4.254	0.174	0.213	0.52
734596.5886	CSM	vergtr	4.209	0.116	0.000	0.50
734596.5962	CSM	fix	2.388	0.000	1.000	0.89
734596.5962	CSM	sacc	5.524	0.440	0.000	0.82
734596.5962	CSM	spem	5.948	0.580	0.000	0.85
734596.5962	CSM	vergst	6.266	0.083	0.050	0.86
734596.5962	CSM	vergtr	5.199	0.071	0.001	0.81
734602.3819	sol	fix	1.327	0.000	1.000	0.86
734602.3819	sol	sacc	3.803	0.672	0.000	0.83
734602.3819	sol	spem	3.920	0.832	0.000	0.86
734602.3819	sol	vergst	8.235	0.126	0.000	0.83
734602.3819	sol	vergtr	8.204	0.038	0.023	0.86
734602.3895	sol	fix	1.568	0.000	1.000	0.79
734602.3895	sol	sacc	4.054	0.651	0.000	0.84
734602.3895	sol	spem	4.169	0.753	0.000	0.66
734602.3895	sol	vergst	1.660	0.086	0.134	0.97
734602.3895	sol	vergtr	1.635	0.035	0.040	0.85
734602.3969	sol	fix	2.655	0.000	1.000	0.54
734602.3969	sol	sacc	4.983	0.622	0.000	0.59
734602.3969	sol	spem	NaN	NaN	NaN	0.53
734602.3969	sol	vergst	NaN	NaN	NaN	0.51
734602.3969	sol	vergtr	7.473	0.218	0.000	0.54
734602.4106	sol	fix	2.033	0.000	1.000	0.54
734602.4106	sol	sacc	4.430	0.656	0.000	0.67
734602.4106	sol	spem	3.631	0.862	0.000	0.86
734602.4106	sol	vergst	2.123	0.085	0.225	0.52
734602.4106	sol	vergtr	2.059	0.097	0.233	0.41
734602.4197	sol	fix	1.507	0.000	1.000	0.39
734602.4197	sol	sacc	3.944	0.616	0.000	0.51
734602.4197	sol	spem	3.515	0.739	0.000	0.56
734602.4197	sol	vergst	7.950	0.044	0.020	0.57
734602.4197	sol	vergtr	5.803	0.213	0.000	0.62
734602.4434	sol	fix	0.860	0.000	1.000	0.98
734602.4434	sol	sacc	4.275	0.691	0.000	1.00
734602.4434	sol	spem	4.312	0.819	0.000	0.99
734602.4434	sol	vergst	6.838	0.052	0.190	0.98
734602.4434	sol	vergtr	6.846	0.053	0.198	0.99
734602.4498	sol	fix	1.046	0.000	1.000	0.98
734602.4498	sol	sacc	4.661	0.593	0.000	0.96
734602.4498	sol	spem	5.005	0.748	0.000	0.95
734602.4498	sol	vergst	1.153	0.100	0.171	0.95
734602.4498	sol	vergtr	1.183	0.050	0.163	0.95
734602.4575	sol	fix	1.492	0.000	1.000	0.90
734602.4575	sol	sacc	4.801	0.589	0.000	0.94
734602.4575	sol	spem	5.113	0.729	0.000	0.86
734602.4575	sol	vergst	7.250	0.162	0.000	0.86
734602.4575	sol	vergtr	5.407	0.206	0.000	0.92
734602.4757	sol	fix	0.538	0.000	1.000	0.72
734602.4757	sol	sacc	NaN	NaN	NaN	0.57
734602.4757	sol	spem	NaN	NaN	NaN	0.61
734602.4757	sol	vergst	0.596	0.120	0.077	0.67
734602.4757	sol	vergtr	0.746	0.133	0.065	0.60
734602.4813	sol	fix	9.444	0.000	1.000	0.23
734602.4813	sol	sacc	NaN	NaN	NaN	0.09
734602.4813	sol	spem	8.598	0.258	0.000	0.24
734602.4813	sol	vergst	9.249	0.075	0.073	0.16
734602.4813	sol	vergtr	NaN	NaN	NaN	0.06
734602.4937	CSM	fix	1.099	0.000	1.000	0.95
734602.4937	CSM	sacc	4.643	0.660	0.000	0.99
734602.4937	CSM	spem	5.114	0.785	0.000	0.98
734602.4937	CSM	vergst	8.083	0.092	0.000	0.98
734602.4937	CSM	vergtr	8.129	0.069	0.000	0.97
734602.5021	CSM	fix	1.238	0.000	1.000	0.73
734602.5021	CSM	sacc	4.363	0.569	0.000	0.74
734602.5021	CSM	spem	4.940	0.625	0.000	0.63
734602.5021	CSM	vergst	1.319	0.092	0.000	0.80
734602.5021	CSM	vergtr	1.307	0.130	0.000	0.87
734602.5077	CSM	fix	1.025	0.000	1.000	0.95
734602.5077	CSM	sacc	4.585	0.625	0.000	0.98
734602.5077	CSM	spem	5.814	0.622	0.000	0.80
734602.5077	CSM	vergst	6.678	0.074	0.060	0.79
734602.5077	CSM	vergtr	4.983	0.218	0.000	0.86
734602.5265	CSM	fix	0.748	0.000	1.000	0.97
734602.5265	CSM	sacc	4.262	0.698	0.000	1.00
734602.5265	CSM	spem	4.405	0.838	0.000	1.00
734602.5265	CSM	vergst	7.964	0.069	0.011	0.99
734602.5265	CSM	vergtr	5.503	0.044	0.180	0.98
734602.5332	CSM	fix	1.171	0.000	1.000	0.97
734602.5332	CSM	sacc	4.620	0.630	0.000	0.98
734602.5332	CSM	spem	4.367	0.835	0.000	0.99
734602.5332	CSM	vergst	1.183	0.166	0.002	0.99
734602.5332	CSM	vergtr	1.290	0.091	0.000	0.99
734602.5406	CSM	fix	1.064	0.000	1.000	0.97
734602.5406	CSM	sacc	4.465	0.648	0.000	1.00
734602.5406	CSM	spem	4.132	0.860	0.000	1.00
734602.5406	CSM	vergst	7.947	0.043	0.358	0.94
734602.5406	CSM	vergtr	5.265	0.153	0.006	0.99
734602.5525	CSM	fix	0.650	0.000	1.000	0.86
734602.5525	CSM	sacc	4.718	0.637	0.000	0.98
734602.5525	CSM	spem	5.324	0.709	0.000	0.99
734602.5525	CSM	vergst	6.582	0.057	0.046	0.98
734602.5525	CSM	vergtr	6.599	0.035	0.040	0.98
734602.5598	CSM	fix	1.485	0.000	1.000	0.89
734602.5598	CSM	sacc	4.525	0.637	0.000	0.97
734602.5598	CSM	spem	5.389	0.673	0.000	0.99
734602.5598	CSM	vergst	1.531	0.094	0.000	0.92
734602.5598	CSM	vergtr	1.547	0.158	0.013	0.96
734602.5675	CSM	fix	1.162	0.000	1.000	0.94
734602.5675	CSM	sacc	4.624	0.613	0.000	0.97
734602.5675	CSM	spem	5.407	0.649	0.000	0.99
734602.5675	CSM	vergst	5.547	0.063	0.139	0.98
734602.5675	CSM	vergtr	5.109	0.161	0.000	0.98
734602.5854	CSM	fix	1.656	0.000	1.000	0.91
734602.5854	CSM	sacc	4.997	0.554	0.000	0.98
734602.5854	CSM	spem	5.486	0.682	0.000	0.94
734602.5854	CSM	vergst	6.289	0.088	0.000	0.94
734602.5854	CSM	vergtr	5.044	0.116	0.095	0.98
734602.5953	CSM	fix	1.276	0.000	1.000	0.93
734602.5953	CSM	sacc	4.930	0.556	0.000	0.85
734602.5953	CSM	spem	4.524	0.808	0.000	0.99
734602.5953	CSM	vergst	1.261	0.146	0.000	0.99
734602.5953	CSM	vergtr	1.349	0.199	0.000	1.00
734602.6029	CSM	fix	0.980	0.000	1.000	0.99
734602.6029	CSM	sacc	4.447	0.659	0.000	1.00
734602.6029	CSM	spem	4.408	0.817	0.000	1.00
734602.6029	CSM	vergst	7.176	0.037	0.060	0.99
734602.6029	CSM	vergtr	5.351	0.196	0.000	1.00
734603.3738	sol	fix	NaN	NaN	NaN	0.00
734603.3738	sol	sacc	NaN	NaN	NaN	0.00
734603.3738	sol	spem	NaN	NaN	NaN	0.00
734603.3738	sol	vergst	NaN	NaN	NaN	0.00
734603.3738	sol	vergtr	NaN	NaN	NaN	0.00
734603.397 	sol	fix	0.644	0.000	1.000	0.97
734603.397 	sol	sacc	3.866	0.736	0.000	0.97
734603.397 	sol	spem	4.375	0.783	0.000	0.93
734603.397 	sol	vergst	6.599	0.033	0.214	0.97
734603.397 	sol	vergtr	6.598	0.031	0.320	0.96
734603.404 	sol	fix	0.876	0.000	1.000	0.86
734603.404 	sol	sacc	NaN	NaN	NaN	0.70
734603.404 	sol	spem	NaN	NaN	NaN	0.67
734603.404 	sol	vergst	0.931	0.085	0.049	0.74
734603.404 	sol	vergtr	0.945	0.098	0.000	0.83
734603.4158	sol	fix	0.720	0.000	1.000	0.92
734603.4158	sol	sacc	3.729	0.712	0.000	0.93
734603.4158	sol	spem	3.895	0.831	0.000	0.87
734603.4158	sol	vergst	7.211	0.067	0.003	0.94
734603.4158	sol	vergtr	4.788	0.185	0.021	0.90
734603.4272	sol	fix	0.710	0.000	1.000	0.93
734603.4272	sol	sacc	3.977	0.616	0.000	0.84
734603.4272	sol	spem	4.748	0.680	0.000	0.70
734603.4272	sol	vergst	0.808	0.061	0.000	0.92
734603.4272	sol	vergtr	0.845	0.034	0.152	0.89
734603.4357	sol	fix	0.582	0.000	1.000	0.89
734603.4357	sol	sacc	3.961	0.651	0.000	0.91
734603.4357	sol	spem	4.170	0.790	0.000	0.80
734603.4357	sol	vergst	7.099	0.044	0.011	0.92
734603.4357	sol	vergtr	4.271	0.218	0.012	0.88
734603.4511	sol	fix	0.223	0.000	1.000	1.00
734603.4511	sol	sacc	3.728	0.753	0.000	0.98
734603.4511	sol	spem	3.639	0.824	0.000	0.88
734603.4511	sol	vergst	6.825	0.066	0.164	0.97
734603.4511	sol	vergtr	6.840	0.025	0.281	0.90
734603.4616	sol	fix	0.467	0.000	1.000	0.85
734603.4616	sol	sacc	3.818	0.604	0.000	0.63
734603.4616	sol	spem	3.590	0.696	0.000	0.64
734603.4616	sol	vergst	0.529	0.179	0.000	0.52
734603.4616	sol	vergtr	0.638	0.114	0.142	0.79
734603.4673	sol	fix	1.374	0.000	1.000	0.75
734603.4673	sol	sacc	4.041	0.552	0.000	0.66
734603.4673	sol	spem	4.131	0.527	0.000	0.50
734603.4673	sol	vergst	5.906	0.042	0.024	0.46
734603.4673	sol	vergtr	4.853	0.193	0.000	0.44
734603.4842	sol	fix	NaN	NaN	NaN	0.34
734603.4842	sol	sacc	4.371	0.309	0.000	0.28
734603.4842	sol	spem	4.100	0.521	0.000	0.41
734603.4842	sol	vergst	NaN	NaN	NaN	0.46
734603.4842	sol	vergtr	NaN	NaN	NaN	0.40
734603.491 	sol	fix	NaN	NaN	NaN	0.30
734603.491 	sol	sacc	10.881	0.218	0.003	0.27
734603.491 	sol	spem	5.134	0.324	0.000	0.30
734603.491 	sol	vergst	5.169	0.064	0.004	0.31
734603.491 	sol	vergtr	8.565	0.094	0.036	0.24
734603.5039	CSM	fix	0.638	0.000	1.000	0.89
734603.5039	CSM	sacc	4.363	0.635	0.000	0.93
734603.5039	CSM	spem	4.827	0.762	0.000	0.92
734603.5039	CSM	vergst	7.097	0.044	0.002	0.91
734603.5039	CSM	vergtr	7.106	0.043	0.108	0.92
734603.5117	CSM	fix	2.275	0.000	1.000	0.82
734603.5117	CSM	sacc	5.470	0.488	0.000	0.92
734603.5117	CSM	spem	5.229	0.733	0.000	0.86
734603.5117	CSM	vergst	2.316	0.030	0.136	0.85
734603.5117	CSM	vergtr	2.353	0.023	0.162	0.89
734603.5196	CSM	fix	1.886	0.000	1.000	0.82
734603.5196	CSM	sacc	5.025	0.537	0.000	0.91
734603.5196	CSM	spem	4.804	0.760	0.000	0.82
734603.5196	CSM	vergst	7.691	0.051	0.082	0.84
734603.5196	CSM	vergtr	5.124	0.200	0.000	0.88
734603.5346	CSM	fix	2.371	0.000	1.000	0.75
734603.5346	CSM	sacc	4.967	0.576	0.000	0.92
734603.5346	CSM	spem	4.237	0.765	0.000	0.81
734603.5346	CSM	vergst	2.397	0.105	0.000	0.66
734603.5346	CSM	vergtr	2.429	0.061	0.052	0.64
734603.5421	CSM	fix	2.517	0.000	1.000	0.85
734603.5421	CSM	sacc	4.688	0.612	0.000	0.94
734603.5421	CSM	spem	4.297	0.833	0.000	0.88
734603.5421	CSM	vergst	8.006	0.020	0.273	0.89
734603.5421	CSM	vergtr	5.359	0.083	0.025	0.88
734603.5662	CSM	fix	1.623	0.000	1.000	0.74
734603.5662	CSM	sacc	4.389	0.643	0.000	0.85
734603.5662	CSM	spem	4.911	0.712	0.000	0.81
734603.5662	CSM	vergst	7.777	0.026	0.349	0.77
734603.5662	CSM	vergtr	7.788	0.018	0.364	0.70
734603.5744	CSM	fix	1.141	0.000	1.000	0.97
734603.5744	CSM	sacc	4.462	0.658	0.000	0.99
734603.5744	CSM	spem	5.462	0.742	0.000	1.00
734603.5744	CSM	vergst	1.217	0.105	0.000	0.90
734603.5744	CSM	vergtr	1.245	0.132	0.000	0.94
734603.5847	CSM	fix	0.650	0.000	1.000	0.82
734603.5847	CSM	sacc	4.432	0.640	0.000	0.93
734603.5847	CSM	spem	5.214	0.713	0.000	0.95
734603.5847	CSM	vergst	7.001	0.050	0.190	0.68
734603.5847	CSM	vergtr	5.281	0.179	0.000	0.85
734603.596 	CSM	fix	0.639	0.000	1.000	0.97
734603.596 	CSM	sacc	4.620	0.654	0.000	1.00
734603.596 	CSM	spem	4.687	0.809	0.000	1.00
734603.596 	CSM	vergst	0.785	0.139	0.003	1.00
734603.596 	CSM	vergtr	0.785	0.065	0.023	1.00
734603.604 	CSM	fix	0.310	0.000	1.000	1.00
734603.604 	CSM	sacc	4.265	0.680	0.000	1.00
734603.604 	CSM	spem	4.180	0.840	0.000	0.99
734603.604 	CSM	vergst	7.705	0.027	0.112	1.00
734603.604 	CSM	vergtr	5.165	0.218	0.000	0.99
734644.386 	sol	fix	NaN	NaN	NaN	0.00
734644.386 	sol	sacc	NaN	NaN	NaN	0.00
734644.386 	sol	spem	NaN	NaN	NaN	0.00
734644.386 	sol	vergst	NaN	NaN	NaN	0.00
734644.386 	sol	vergtr	NaN	NaN	NaN	0.00
734644.4168	sol	fix	0.594	0.000	1.000	0.97
734644.4168	sol	sacc	4.110	0.740	0.000	0.96
734644.4168	sol	spem	3.995	0.842	0.000	0.90
734644.4168	sol	vergst	8.206	0.031	0.318	0.95
734644.4168	sol	vergtr	8.205	0.017	0.467	0.78
734644.4259	sol	fix	1.040	0.000	1.000	0.88
734644.4259	sol	sacc	4.141	0.554	0.000	0.66
734644.4259	sol	spem	4.474	0.815	0.000	0.79
734644.4259	sol	vergst	1.123	0.090	0.212	0.76
734644.4259	sol	vergtr	1.157	0.106	0.000	0.86
734644.4331	sol	fix	0.578	0.000	1.000	0.96
734644.4331	sol	sacc	4.017	0.762	0.000	0.96
734644.4331	sol	spem	3.857	0.852	0.000	0.91
734644.4331	sol	vergst	8.086	0.046	0.015	0.95
734644.4331	sol	vergtr	6.236	0.236	0.000	0.94
734644.4438	sol	fix	0.955	0.000	1.000	0.87
734644.4438	sol	sacc	4.371	0.698	0.000	0.84
734644.4438	sol	spem	3.907	0.845	0.000	0.89
734644.4438	sol	vergst	1.019	0.052	0.224	0.72
734644.4438	sol	vergtr	1.101	0.052	0.152	0.93
734644.4681	sol	fix	0.931	0.000	1.000	0.92
734644.4681	sol	sacc	3.950	0.751	0.000	0.93
734644.4681	sol	spem	3.733	0.873	0.000	0.98
734644.4681	sol	vergst	1.022	0.071	0.077	0.96
734644.4681	sol	vergtr	1.034	0.040	0.252	0.81
734644.4808	sol	fix	NaN	NaN	NaN	0.18
734644.4808	sol	sacc	NaN	NaN	NaN	0.23
734644.4808	sol	spem	NaN	NaN	NaN	0.24
734644.4808	sol	vergst	NaN	NaN	NaN	0.11
734644.4808	sol	vergtr	NaN	NaN	NaN	0.24
734644.5055	sol	fix	0.562	0.000	1.000	0.88
734644.5055	sol	sacc	3.945	0.756	0.000	0.96
734644.5055	sol	spem	3.939	0.860	0.000	0.96
734644.5055	sol	vergst	7.990	0.035	0.192	0.97
734644.5055	sol	vergtr	6.043	0.185	0.057	0.97
734644.5514	CSM	fix	1.263	0.000	1.000	0.83
734644.5514	CSM	sacc	5.001	0.566	0.000	0.65
734644.5514	CSM	spem	4.874	0.730	0.000	0.76
734644.5514	CSM	vergst	7.438	0.034	0.063	0.58
734644.5514	CSM	vergtr	7.427	0.037	0.270	0.60
734644.5652	CSM	fix	1.897	0.000	1.000	0.66
734644.5652	CSM	sacc	4.884	0.617	0.000	0.84
734644.5652	CSM	spem	5.241	0.702	0.000	0.80
734644.5652	CSM	vergst	1.887	0.151	0.141	0.80
734644.5652	CSM	vergtr	1.983	0.050	0.006	0.82
734644.5921	CSM	fix	NaN	NaN	NaN	0.00
734644.5921	CSM	sacc	NaN	NaN	NaN	0.00
734644.5921	CSM	spem	NaN	NaN	NaN	0.00
734644.5921	CSM	vergst	NaN	NaN	NaN	0.00
734644.5921	CSM	vergtr	NaN	NaN	NaN	0.00
734644.611 	CSM	fix	NaN	NaN	NaN	0.00
734644.611 	CSM	sacc	NaN	NaN	NaN	0.00
734644.611 	CSM	spem	NaN	NaN	NaN	0.00
734644.611 	CSM	vergst	NaN	NaN	NaN	0.00
734644.611 	CSM	vergtr	NaN	NaN	NaN	0.00
734644.6173	CSM	fix	2.953	0.000	1.000	0.12
734644.6173	CSM	sacc	5.078	0.428	0.000	0.28
734644.6173	CSM	spem	5.662	0.568	0.000	0.40
734644.6173	CSM	vergst	9.008	0.060	0.005	0.16
734644.6173	CSM	vergtr	7.491	0.079	0.028	0.07
734645.4767	sol	fix	0.786	0.000	1.000	0.89
734645.4767	sol	sacc	3.979	0.737	0.000	0.94
734645.4767	sol	spem	3.797	0.854	0.000	0.97
734645.4767	sol	vergst	6.997	0.050	0.227	0.96
734645.4767	sol	vergtr	7.008	0.016	0.371	0.96
734645.4881	sol	fix	0.383	0.000	1.000	0.99
734645.4881	sol	sacc	3.846	0.735	0.000	1.00
734645.4881	sol	spem	3.586	0.868	0.000	1.00
734645.4881	sol	vergst	0.472	0.248	0.000	0.99
734645.4881	sol	vergtr	0.591	0.065	0.113	0.99
734645.5107	sol	fix	0.321	0.000	1.000	0.99
734645.5107	sol	sacc	3.775	0.733	0.000	0.97
734645.5107	sol	spem	3.420	0.839	0.000	0.89
734645.5107	sol	vergst	6.652	0.061	0.217	0.99
734645.5107	sol	vergtr	5.213	0.194	0.289	1.00
734645.52  	sol	fix	0.191	0.000	1.000	1.00
734645.52  	sol	sacc	3.906	0.709	0.000	0.96
734645.52  	sol	spem	3.678	0.837	0.000	0.91
734645.52  	sol	vergst	0.375	0.323	0.000	0.99
734645.52  	sol	vergtr	0.475	0.178	0.072	1.00
734645.5381	sol	fix	0.197	0.000	1.000	0.99
734645.5381	sol	sacc	3.777	0.746	0.000	1.00
734645.5381	sol	spem	3.125	0.899	0.000	1.00
734645.5381	sol	vergst	6.917	0.024	0.255	1.00
734645.5381	sol	vergtr	5.149	0.188	0.000	1.00
734645.5547	CSM	fix	1.407	0.000	1.000	0.98
734645.5547	CSM	sacc	4.423	0.671	0.000	0.99
734645.5547	CSM	spem	4.793	0.758	0.000	0.99
734645.5547	CSM	vergst	6.554	0.031	0.168	0.99
734645.5547	CSM	vergtr	6.559	0.030	0.067	0.99
734645.5672	CSM	fix	1.205	0.000	1.000	0.96
734645.5672	CSM	sacc	4.399	0.675	0.000	1.00
734645.5672	CSM	spem	4.962	0.752	0.000	1.00
734645.5672	CSM	vergst	1.306	0.134	0.001	0.99
734645.5672	CSM	vergtr	1.286	0.052	0.142	0.98
734645.5907	CSM	fix	0.973	0.000	1.000	0.98
734645.5907	CSM	sacc	4.132	0.711	0.000	1.00
734645.5907	CSM	spem	4.565	0.781	0.000	1.00
734645.5907	CSM	vergst	6.344	0.050	0.091	0.99
734645.5907	CSM	vergtr	5.495	0.211	0.000	0.98
734645.5986	CSM	fix	0.822	0.000	1.000	0.98
734645.5986	CSM	sacc	4.315	0.690	0.000	0.98
734645.5986	CSM	spem	4.575	0.781	0.000	0.99
734645.5986	CSM	vergst	0.949	0.210	0.000	0.99
734645.5986	CSM	vergtr	0.966	0.135	0.054	0.99
734645.6126	CSM	fix	0.893	0.000	1.000	0.97
734645.6126	CSM	sacc	4.407	0.670	0.000	1.00
734645.6126	CSM	spem	4.799	0.768	0.000	1.00
734645.6126	CSM	vergst	6.805	0.027	0.249	0.99
734645.6126	CSM	vergtr	5.461	0.118	0.001	0.99
734672.3893	sol	fix	NaN	NaN	NaN	0.00
734672.3893	sol	sacc	NaN	NaN	NaN	0.00
734672.3893	sol	spem	NaN	NaN	NaN	0.00
734672.3893	sol	vergst	NaN	NaN	NaN	0.00
734672.3893	sol	vergtr	NaN	NaN	NaN	0.00
734672.3963	sol	fix	1.030	0.000	1.000	0.70
734672.3963	sol	sacc	3.837	0.686	0.000	0.86
734672.3963	sol	spem	3.969	0.809	0.000	0.84
734672.3963	sol	vergst	1.095	0.037	0.193	0.81
734672.3963	sol	vergtr	1.156	0.089	0.000	0.86
734672.4118	sol	fix	2.370	0.000	1.000	0.70
734672.4118	sol	sacc	4.759	0.549	0.000	0.64
734672.4118	sol	spem	4.408	0.693	0.000	0.62
734672.4118	sol	vergst	8.275	0.069	0.020	0.80
734672.4118	sol	vergtr	6.103	0.198	0.010	0.73
734672.4216	sol	fix	1.407	0.000	1.000	0.78
734672.4216	sol	sacc	4.249	0.570	0.000	0.71
734672.4216	sol	spem	3.963	0.756	0.000	0.72
734672.4216	sol	vergst	1.457	0.051	0.012	0.78
734672.4216	sol	vergtr	1.480	0.053	0.000	0.84
734672.4389	sol	fix	1.640	0.000	1.000	0.75
734672.4389	sol	sacc	4.120	0.622	0.000	0.63
734672.4389	sol	spem	4.029	0.752	0.000	0.68
734672.4389	sol	vergst	8.276	0.072	0.004	0.63
734672.4389	sol	vergtr	5.888	0.172	0.000	0.75
734672.4502	CSM	fix	1.013	0.000	1.000	0.88
734672.4502	CSM	sacc	4.388	0.657	0.000	0.94
734672.4502	CSM	spem	4.032	0.818	0.000	0.97
734672.4502	CSM	vergst	6.225	0.072	0.045	0.92
734672.4502	CSM	vergtr	6.222	0.016	0.240	0.93
734672.462 	CSM	fix	1.850	0.000	1.000	0.45
734672.462 	CSM	sacc	4.485	0.562	0.000	0.81
734672.462 	CSM	spem	5.688	0.579	0.000	0.74
734672.462 	CSM	vergst	1.956	0.153	0.001	0.69
734672.462 	CSM	vergtr	1.862	0.079	0.000	0.63
734672.4763	CSM	fix	1.430	0.000	1.000	0.79
734672.4763	CSM	sacc	4.264	0.635	0.000	0.86
734672.4763	CSM	spem	5.050	0.675	0.000	0.86
734672.4763	CSM	vergst	5.789	0.065	0.000	0.77
734672.4763	CSM	vergtr	4.555	0.127	0.000	0.87
734672.4854	CSM	fix	1.130	0.000	1.000	0.75
734672.4854	CSM	sacc	4.414	0.570	0.000	0.85
734672.4854	CSM	spem	4.200	0.782	0.000	0.91
734672.4854	CSM	vergst	1.125	0.119	0.197	0.85
734672.4854	CSM	vergtr	1.206	0.101	0.179	0.85
734672.5095	CSM	fix	1.388	0.000	1.000	0.80
734672.5095	CSM	sacc	4.142	0.660	0.000	0.94
734672.5095	CSM	spem	3.965	0.825	0.000	0.94
734672.5095	CSM	vergst	6.864	0.035	0.078	0.92
734672.5095	CSM	vergtr	4.618	0.183	0.000	0.93
734686.416 	sol	fix	0.567	0.000	1.000	1.00
734686.416 	sol	sacc	4.457	0.633	0.000	0.85
734686.416 	sol	spem	4.492	0.731	0.000	0.83
734686.416 	sol	vergst	6.370	0.047	0.022	0.99
734686.416 	sol	vergtr	6.373	0.034	0.256	0.98
734686.4284	sol	fix	0.818	0.000	1.000	0.97
734686.4284	sol	sacc	4.433	0.643	0.000	0.94
734686.4284	sol	spem	3.870	0.813	0.000	0.90
734686.4284	sol	vergst	0.885	0.138	0.000	0.96
734686.4284	sol	vergtr	0.931	0.078	0.017	0.97
734686.4845	sol	fix	NaN	NaN	NaN	0.50
734686.4845	sol	sacc	NaN	NaN	NaN	0.50
734686.4845	sol	spem	NaN	NaN	NaN	0.59
734686.4845	sol	vergst	NaN	NaN	NaN	0.73
734686.4845	sol	vergtr	NaN	NaN	NaN	0.49
734686.5005	sol	fix	0.696	0.000	1.000	0.98
734686.5005	sol	sacc	4.384	0.668	0.000	0.98
734686.5005	sol	spem	4.299	0.822	0.000	0.97
734686.5005	sol	vergst	0.771	0.182	0.000	0.99
734686.5005	sol	vergtr	0.794	0.072	0.002	0.98
734700.3898	sol	fix	0.538	0.000	1.000	0.98
734700.3898	sol	sacc	4.065	0.707	0.000	1.00
734700.3898	sol	spem	4.464	0.788	0.000	0.97
734700.3898	sol	vergst	0.638	0.102	0.006	0.98
734700.3898	sol	vergtr	0.692	0.080	0.001	0.99
734700.4008	sol	fix	0.575	0.000	1.000	0.98
734700.4008	sol	sacc	4.354	0.671	0.000	0.97
734700.4008	sol	spem	4.283	0.808	0.000	0.99
734700.4008	sol	vergst	0.620	0.217	0.005	0.98
734700.4008	sol	vergtr	0.750	0.081	0.013	0.99
734700.4164	sol	fix	0.302	0.000	1.000	0.97
734700.4164	sol	sacc	4.104	0.712	0.000	0.99
734700.4164	sol	spem	4.190	0.812	0.000	0.97
734700.4164	sol	vergst	6.698	0.057	0.208	0.97
734700.4164	sol	vergtr	5.493	0.187	0.089	0.97
734700.429 	sol	fix	0.370	0.000	1.000	0.99
734700.429 	sol	sacc	4.182	0.693	0.000	1.00
734700.429 	sol	spem	4.473	0.793	0.000	0.99
734700.429 	sol	vergst	0.542	0.233	0.000	0.98
734700.429 	sol	vergtr	0.598	0.096	0.012	0.98
734700.437 	sol	fix	0.314	0.000	1.000	0.98
734700.437 	sol	sacc	4.116	0.696	0.000	0.99
734700.437 	sol	spem	4.098	0.828	0.000	0.99
734700.437 	sol	vergst	6.913	0.031	0.080	0.99
734700.437 	sol	vergtr	5.211	0.192	0.000	0.99
734700.469 	sol	fix	NaN	NaN	NaN	0.25
734700.469 	sol	sacc	NaN	NaN	NaN	0.21
734700.469 	sol	spem	NaN	NaN	NaN	0.22
734700.469 	sol	vergst	NaN	NaN	NaN	0.04
734700.469 	sol	vergtr	NaN	NaN	NaN	0.24
734700.4747	sol	fix	NaN	NaN	NaN	0.00
734700.4747	sol	sacc	NaN	NaN	NaN	0.00
734700.4747	sol	spem	NaN	NaN	NaN	0.00
734700.4747	sol	vergst	NaN	NaN	NaN	0.00
734700.4747	sol	vergtr	NaN	NaN	NaN	0.00
734700.4943	sol	fix	NaN	NaN	NaN	0.00
734700.4943	sol	sacc	NaN	NaN	NaN	0.00
734700.4943	sol	spem	NaN	NaN	NaN	0.00
734700.4943	sol	vergst	NaN	NaN	NaN	0.00
734700.4943	sol	vergtr	NaN	NaN	NaN	0.00
734700.5033	sol	fix	NaN	NaN	NaN	0.00
734700.5033	sol	sacc	NaN	NaN	NaN	0.00
734700.5033	sol	spem	NaN	NaN	NaN	0.00
734700.5033	sol	vergst	NaN	NaN	NaN	0.00
734700.5033	sol	vergtr	NaN	NaN	NaN	0.00
734700.5145	sol	fix	NaN	NaN	NaN	0.00
734700.5145	sol	sacc	NaN	NaN	NaN	0.00
734700.5145	sol	spem	NaN	NaN	NaN	0.00
734700.5145	sol	vergst	NaN	NaN	NaN	0.00
734700.5145	sol	vergtr	NaN	NaN	NaN	0.00
734700.5285	CSM	fix	0.759	0.000	1.000	0.99
734700.5285	CSM	sacc	4.742	0.636	0.000	1.00
734700.5285	CSM	spem	4.818	0.763	0.000	1.00
734700.5285	CSM	vergst	6.882	0.071	0.000	0.99
734700.5285	CSM	vergtr	6.881	0.013	0.311	0.98
734700.538 	CSM	fix	1.042	0.000	1.000	0.95
734700.538 	CSM	sacc	4.881	0.555	0.000	0.98
734700.538 	CSM	spem	6.022	0.569	0.000	0.97
734700.538 	CSM	vergst	1.090	0.113	0.229	0.97
734700.538 	CSM	vergtr	1.169	0.087	0.316	0.98
734700.5553	CSM	fix	0.766	0.000	1.000	0.97
734700.5553	CSM	sacc	4.459	0.633	0.000	0.99
734700.5553	CSM	spem	5.658	0.635	0.000	0.99
734700.5553	CSM	vergst	5.444	0.048	0.282	0.95
734700.5553	CSM	vergtr	4.853	0.120	0.127	0.96
734700.5628	CSM	fix	1.085	0.000	1.000	0.96
734700.5628	CSM	sacc	4.947	0.586	0.000	0.96
734700.5628	CSM	spem	4.584	0.769	0.000	0.99
734700.5628	CSM	vergst	1.162	0.090	0.066	0.97
734700.5628	CSM	vergtr	1.239	0.152	0.230	0.98
734700.574 	CSM	fix	0.890	0.000	1.000	0.98
734700.574 	CSM	sacc	4.675	0.608	0.000	0.99
734700.574 	CSM	spem	5.215	0.719	0.000	0.99
734700.574 	CSM	vergst	6.760	0.059	0.024	0.96
734700.574 	CSM	vergtr	5.203	0.090	0.040	0.96
734700.5835	CSM	fix	NaN	NaN	NaN	0.25
734700.5835	CSM	sacc	NaN	NaN	NaN	0.25
734700.5835	CSM	spem	NaN	NaN	NaN	0.24
734700.5835	CSM	vergst	NaN	NaN	NaN	0.04
734700.5835	CSM	vergtr	NaN	NaN	NaN	0.17
734700.5921	CSM	fix	NaN	NaN	NaN	0.00
734700.5921	CSM	sacc	NaN	NaN	NaN	0.00
734700.5921	CSM	spem	NaN	NaN	NaN	0.00
734700.5921	CSM	vergst	NaN	NaN	NaN	0.00
734700.5921	CSM	vergtr	NaN	NaN	NaN	0.00
734700.5996	CSM	fix	NaN	NaN	NaN	0.00
734700.5996	CSM	sacc	NaN	NaN	NaN	0.00
734700.5996	CSM	spem	NaN	NaN	NaN	0.00
734700.5996	CSM	vergst	NaN	NaN	NaN	0.00
734700.5996	CSM	vergtr	NaN	NaN	NaN	0.00
734700.6186	CSM	fix	NaN	NaN	NaN	0.00
734700.6186	CSM	sacc	NaN	NaN	NaN	0.00
734700.6186	CSM	spem	NaN	NaN	NaN	0.00
734700.6186	CSM	vergst	NaN	NaN	NaN	0.00
734700.6186	CSM	vergtr	NaN	NaN	NaN	0.00
734700.6295	CSM	fix	NaN	NaN	NaN	0.00
734700.6295	CSM	sacc	NaN	NaN	NaN	0.00
734700.6295	CSM	spem	NaN	NaN	NaN	0.00
734700.6295	CSM	vergst	NaN	NaN	NaN	0.00
734700.6295	CSM	vergtr	NaN	NaN	NaN	0.00
734701.3844	sol	fix	3.147	0.000	1.000	0.73
734701.3844	sol	sacc	4.281	0.677	0.000	0.75
734701.3844	sol	spem	4.852	0.672	0.000	0.70
734701.3844	sol	vergst	8.226	0.095	0.000	0.49
734701.3844	sol	vergtr	8.350	0.063	0.160	0.65
734701.392 	sol	fix	NaN	NaN	NaN	0.73
734701.392 	sol	sacc	5.652	0.550	0.000	0.81
734701.392 	sol	spem	6.549	0.338	0.000	0.39
734701.392 	sol	vergst	NaN	NaN	NaN	0.93
734701.392 	sol	vergtr	NaN	NaN	NaN	0.72
734701.4083	sol	fix	NaN	NaN	NaN	0.49
734701.4083	sol	sacc	NaN	NaN	NaN	0.47
734701.4083	sol	spem	NaN	NaN	NaN	0.46
734701.4083	sol	vergst	NaN	NaN	NaN	0.74
734701.4083	sol	vergtr	NaN	NaN	NaN	0.43
734701.4164	sol	fix	NaN	NaN	NaN	0.49
734701.4164	sol	sacc	NaN	NaN	NaN	0.49
734701.4164	sol	spem	5.623	0.521	0.000	0.53
734701.4164	sol	vergst	NaN	NaN	NaN	0.64
734701.4164	sol	vergtr	NaN	NaN	NaN	0.39
734701.4276	sol	fix	1.331	0.000	1.000	0.64
734701.4276	sol	sacc	4.582	0.683	0.000	0.92
734701.4276	sol	spem	4.574	0.700	0.000	0.70
734701.4276	sol	vergst	8.094	0.028	0.371	0.63
734701.4276	sol	vergtr	6.633	0.245	0.000	0.48
734701.4483	sol	fix	0.374	0.000	1.000	1.00
734701.4483	sol	sacc	3.856	0.752	0.000	1.00
734701.4483	sol	spem	3.700	0.881	0.000	1.00
734701.4483	sol	vergst	7.823	0.049	0.146	1.00
734701.4483	sol	vergtr	7.828	0.017	0.252	0.99
734701.4578	sol	fix	0.534	0.000	1.000	1.00
734701.4578	sol	sacc	3.707	0.752	0.000	0.99
734701.4578	sol	spem	3.603	0.871	0.000	0.99
734701.4578	sol	vergst	0.617	0.127	0.000	1.00
734701.4578	sol	vergtr	0.723	0.105	0.000	1.00
734701.4734	sol	fix	0.286	0.000	1.000	1.00
734701.4734	sol	sacc	3.812	0.746	0.000	0.99
734701.4734	sol	spem	3.338	0.890	0.000	0.99
734701.4734	sol	vergst	7.353	0.037	0.155	1.00
734701.4734	sol	vergtr	5.408	0.251	0.000	1.00
734701.4802	sol	fix	0.416	0.000	1.000	0.99
734701.4802	sol	sacc	3.954	0.734	0.000	1.00
734701.4802	sol	spem	3.304	0.904	0.000	1.00
734701.4802	sol	vergst	0.537	0.097	0.000	1.00
734701.4802	sol	vergtr	0.601	0.154	0.000	1.00
734701.4917	sol	fix	0.227	0.000	1.000	1.00
734701.4917	sol	sacc	3.641	0.759	0.000	1.00
734701.4917	sol	spem	3.389	0.888	0.000	0.99
734701.4917	sol	vergst	7.294	0.062	0.040	1.00
734701.4917	sol	vergtr	4.990	0.219	0.000	1.00
734701.5051	CSM	fix	3.134	0.000	1.000	0.92
734701.5051	CSM	sacc	5.175	0.579	0.000	0.95
734701.5051	CSM	spem	5.537	0.683	0.000	0.94
734701.5051	CSM	vergst	6.766	0.074	0.006	0.76
734701.5051	CSM	vergtr	6.791	0.034	0.028	0.87
734701.5119	CSM	fix	1.427	0.000	1.000	0.92
734701.5119	CSM	sacc	4.703	0.616	0.000	0.98
734701.5119	CSM	spem	5.191	0.721	0.000	0.96
734701.5119	CSM	vergst	1.458	0.091	0.000	0.93
734701.5119	CSM	vergtr	1.518	0.126	0.158	0.97
734701.5294	CSM	fix	1.143	0.000	1.000	0.97
734701.5294	CSM	sacc	4.259	0.689	0.000	0.99
734701.5294	CSM	spem	4.777	0.765	0.000	0.96
734701.5294	CSM	vergst	6.688	0.070	0.006	0.97
734701.5294	CSM	vergtr	5.462	0.088	0.210	0.99
734701.5405	CSM	fix	1.070	0.000	1.000	0.95
734701.5405	CSM	sacc	6.136	0.539	0.000	0.75
734701.5405	CSM	spem	5.049	0.688	0.000	0.77
734701.5405	CSM	vergst	1.091	0.116	0.181	0.98
734701.5405	CSM	vergtr	1.152	0.160	0.000	0.86
734701.551 	CSM	fix	NaN	NaN	NaN	0.01
734701.551 	CSM	sacc	NaN	NaN	NaN	0.00
734701.551 	CSM	spem	NaN	NaN	NaN	0.03
734701.551 	CSM	vergst	NaN	NaN	NaN	0.00
734701.551 	CSM	vergtr	NaN	NaN	NaN	0.09
734701.559 	CSM	fix	0.659	0.000	1.000	1.00
734701.559 	CSM	sacc	5.033	0.657	0.000	1.00
734701.559 	CSM	spem	4.986	0.825	0.000	1.00
734701.559 	CSM	vergst	8.817	0.030	0.198	1.00
734701.559 	CSM	vergtr	8.824	0.050	0.001	0.81
734701.5682	CSM	fix	1.014	0.000	1.000	0.98
734701.5682	CSM	sacc	4.588	0.682	0.000	1.00
734701.5682	CSM	spem	5.352	0.789	0.000	1.00
734701.5682	CSM	vergst	1.033	0.129	0.160	1.00
734701.5682	CSM	vergtr	1.102	0.074	0.050	1.00
734701.5807	CSM	fix	0.754	0.000	1.000	0.98
734701.5807	CSM	sacc	4.423	0.712	0.000	1.00
734701.5807	CSM	spem	4.782	0.834	0.000	0.99
734701.5807	CSM	vergst	8.543	0.045	0.145	0.98
734701.5807	CSM	vergtr	6.049	0.249	0.000	0.99
734701.5902	CSM	fix	0.983	0.000	1.000	0.96
734701.5902	CSM	sacc	4.815	0.689	0.000	1.00
734701.5902	CSM	spem	5.043	0.840	0.000	1.00
734701.5902	CSM	vergst	1.053	0.096	0.001	1.00
734701.5902	CSM	vergtr	1.071	0.032	0.440	1.00
734701.5987	CSM	fix	0.722	0.000	1.000	0.98
734701.5987	CSM	sacc	4.574	0.701	0.000	0.99
734701.5987	CSM	spem	4.873	0.833	0.000	1.00
734701.5987	CSM	vergst	8.901	0.071	0.178	1.00
734701.5987	CSM	vergtr	6.223	0.152	0.000	0.99
734707.3712	sol	fix	0.265	0.000	1.000	1.00
734707.3712	sol	sacc	3.935	0.729	0.000	1.00
734707.3712	sol	spem	3.524	0.877	0.000	1.00
734707.3712	sol	vergst	7.226	0.059	0.014	1.00
734707.3712	sol	vergtr	7.226	0.009	0.492	1.00
734707.3786	sol	fix	0.434	0.000	1.000	1.00
734707.3786	sol	sacc	3.724	0.753	0.000	1.00
734707.3786	sol	spem	3.278	0.893	0.000	0.99
734707.3786	sol	vergst	0.582	0.108	0.222	1.00
734707.3786	sol	vergtr	0.615	0.086	0.303	1.00
734707.389 	sol	fix	0.300	0.000	1.000	1.00
734707.389 	sol	sacc	3.587	0.780	0.000	1.00
734707.389 	sol	spem	3.546	0.878	0.000	0.99
734707.389 	sol	vergst	7.454	0.040	0.001	1.00
734707.389 	sol	vergtr	5.523	0.249	0.000	1.00
734707.4028	sol	fix	0.436	0.000	1.000	0.99
734707.4028	sol	sacc	3.828	0.755	0.000	1.00
734707.4028	sol	spem	3.664	0.874	0.000	0.99
734707.4028	sol	vergst	0.577	0.106	0.218	1.00
734707.4028	sol	vergtr	0.614	0.078	0.052	1.00
734707.411 	sol	fix	0.356	0.000	1.000	1.00
734707.411 	sol	sacc	3.883	0.749	0.000	0.99
734707.411 	sol	spem	3.683	0.870	0.000	0.99
734707.411 	sol	vergst	7.539	0.066	0.011	1.00
734707.411 	sol	vergtr	5.610	0.194	0.000	1.00
734707.4291	sol	fix	0.814	0.000	1.000	0.96
734707.4291	sol	sacc	4.261	0.711	0.000	0.97
734707.4291	sol	spem	4.105	0.895	0.000	0.97
734707.4291	sol	vergst	8.951	0.050	0.058	0.97
734707.4291	sol	vergtr	8.951	0.025	0.066	0.97
734707.437 	sol	fix	0.562	0.000	1.000	0.98
734707.437 	sol	sacc	4.047	0.711	0.000	0.99
734707.437 	sol	spem	3.227	0.902	0.000	0.99
734707.437 	sol	vergst	0.673	0.161	0.000	0.96
734707.437 	sol	vergtr	0.756	0.139	0.000	0.97
734707.4538	sol	fix	0.433	0.000	1.000	0.96
734707.4538	sol	sacc	3.972	0.730	0.000	0.99
734707.4538	sol	spem	3.065	0.901	0.000	0.96
734707.4538	sol	vergst	7.991	0.048	0.032	0.94
734707.4538	sol	vergtr	5.531	0.252	0.000	0.96
734707.4619	sol	fix	0.557	0.000	1.000	0.92
734707.4619	sol	sacc	4.126	0.715	0.000	0.97
734707.4619	sol	spem	2.965	0.919	0.000	0.97
734707.4619	sol	vergst	0.706	0.301	0.000	0.94
734707.4619	sol	vergtr	0.732	0.066	0.019	0.95
734707.4684	sol	fix	0.409	0.000	1.000	0.93
734707.4684	sol	sacc	4.048	0.713	0.000	0.98
734707.4684	sol	spem	3.039	0.922	0.000	0.99
734707.4684	sol	vergst	8.116	0.036	0.024	0.75
734707.4684	sol	vergtr	5.373	0.207	0.000	0.87
734707.484 	CSM	fix	0.823	0.000	1.000	0.99
734707.484 	CSM	sacc	4.424	0.683	0.000	1.00
734707.484 	CSM	spem	4.785	0.797	0.000	1.00
734707.484 	CSM	vergst	7.700	0.047	0.002	1.00
734707.484 	CSM	vergtr	7.719	0.009	0.526	1.00
734707.4932	CSM	fix	1.005	0.000	1.000	0.99
734707.4932	CSM	sacc	3.924	0.713	0.000	0.97
734707.4932	CSM	spem	4.408	0.806	0.000	0.95
734707.4932	CSM	vergst	1.088	0.136	0.045	1.00
734707.4932	CSM	vergtr	1.098	0.061	0.133	1.00
734707.5118	CSM	fix	1.403	0.000	1.000	0.96
734707.5118	CSM	sacc	4.660	0.601	0.000	0.83
734707.5118	CSM	spem	4.420	0.754	0.000	0.85
734707.5118	CSM	vergst	6.708	0.070	0.080	0.96
734707.5118	CSM	vergtr	5.384	0.168	0.000	0.99
734707.5189	CSM	fix	1.512	0.000	1.000	0.22
734707.5189	CSM	sacc	4.124	0.386	0.000	0.38
734707.5189	CSM	spem	4.277	0.277	0.006	0.22
734707.5189	CSM	vergst	1.617	0.065	0.000	0.07
734707.5189	CSM	vergtr	1.572	0.086	0.000	0.14
734707.5318	CSM	fix	0.891	0.000	1.000	0.99
734707.5318	CSM	sacc	3.922	0.719	0.000	0.97
734707.5318	CSM	spem	4.081	0.811	0.000	0.93
734707.5318	CSM	vergst	7.092	0.048	0.195	0.94
734707.5318	CSM	vergtr	4.973	0.187	0.000	0.91
734707.5413	CSM	fix	1.031	0.000	1.000	0.97
734707.5413	CSM	sacc	5.581	0.434	0.000	0.98
734707.5413	CSM	spem	5.527	0.689	0.000	0.95
734707.5413	CSM	vergst	7.161	0.071	0.017	0.94
734707.5413	CSM	vergtr	7.148	0.032	0.020	0.93
734707.5494	CSM	fix	1.523	0.000	1.000	0.90
734707.5494	CSM	sacc	5.406	0.453	0.000	0.99
734707.5494	CSM	spem	6.401	0.634	0.000	0.90
734707.5494	CSM	vergst	1.539	0.102	0.008	0.95
734707.5494	CSM	vergtr	1.589	0.071	0.240	0.94
734707.558 	CSM	fix	2.069	0.000	1.000	0.92
734707.558 	CSM	sacc	5.438	0.440	0.000	0.98
734707.558 	CSM	spem	6.779	0.572	0.000	0.98
734707.558 	CSM	vergst	7.558	0.019	0.277	0.89
734707.558 	CSM	vergtr	4.834	0.184	0.000	0.88
734707.5722	CSM	fix	1.603	0.000	1.000	0.94
734707.5722	CSM	sacc	5.003	0.602	0.000	0.97
734707.5722	CSM	spem	5.074	0.756	0.000	0.96
734707.5722	CSM	vergst	1.643	0.062	0.027	0.94
734707.5722	CSM	vergtr	1.669	0.069	0.059	0.92
734707.5906	CSM	fix	1.372	0.000	1.000	0.91
734707.5906	CSM	sacc	4.741	0.616	0.000	0.97
734707.5906	CSM	spem	7.064	0.495	0.000	0.96
734707.5906	CSM	vergst	7.462	0.040	0.074	0.88
734707.5906	CSM	vergtr	5.454	0.104	0.130	0.88
734708.3585	sol	fix	0.485	0.000	1.000	0.97
734708.3585	sol	sacc	4.109	0.729	0.000	1.00
734708.3585	sol	spem	4.041	0.844	0.000	0.99
734708.3585	sol	vergst	7.459	0.043	0.101	0.99
734708.3585	sol	vergtr	7.458	0.025	0.225	1.00
734708.3643	sol	fix	0.693	0.000	1.000	1.00
734708.3643	sol	sacc	3.974	0.730	0.000	1.00
734708.3643	sol	spem	3.345	0.895	0.000	0.99
734708.3643	sol	vergst	0.774	0.179	0.000	0.99
734708.3643	sol	vergtr	0.878	0.112	0.088	1.00
734708.3723	sol	fix	0.332	0.000	1.000	1.00
734708.3723	sol	sacc	4.085	0.741	0.000	1.00
734708.3723	sol	spem	3.706	0.874	0.000	0.99
734708.3723	sol	vergst	7.801	0.055	0.107	1.00
734708.3723	sol	vergtr	5.938	0.217	0.000	0.99
734708.3894	sol	fix	0.519	0.000	1.000	0.99
734708.3894	sol	sacc	4.192	0.704	0.000	0.99
734708.3894	sol	spem	3.900	0.862	0.000	0.98
734708.3894	sol	vergst	0.640	0.189	0.000	0.98
734708.3894	sol	vergtr	0.708	0.044	0.140	1.00
734708.3974	sol	fix	0.457	0.000	1.000	0.99
734708.3974	sol	sacc	3.991	0.736	0.000	1.00
734708.3974	sol	spem	3.338	0.890	0.000	0.98
734708.3974	sol	vergst	7.352	0.105	0.000	0.99
734708.3974	sol	vergtr	5.719	0.220	0.000	0.98
734708.4121	sol	fix	0.332	0.000	1.000	0.96
734708.4121	sol	sacc	4.059	0.734	0.000	0.98
734708.4121	sol	spem	3.696	0.872	0.000	0.98
734708.4121	sol	vergst	7.842	0.047	0.025	0.97
734708.4121	sol	vergtr	7.862	0.024	0.142	0.96
734708.4205	sol	fix	2.473	0.000	1.000	0.60
734708.4205	sol	sacc	4.807	0.516	0.000	0.50
734708.4205	sol	spem	4.531	0.664	0.000	0.52
734708.4205	sol	vergst	2.434	0.145	0.000	0.54
734708.4205	sol	vergtr	2.506	0.054	0.031	0.62
734708.438 	sol	fix	0.318	0.000	1.000	0.94
734708.438 	sol	sacc	3.964	0.746	0.000	1.00
734708.438 	sol	spem	3.554	0.876	0.000	0.97
734708.438 	sol	vergst	7.647	0.029	0.223	0.96
734708.438 	sol	vergtr	5.777	0.210	0.001	0.96
734708.4448	sol	fix	0.293	0.000	1.000	0.94
734708.4448	sol	sacc	4.187	0.720	0.000	0.99
734708.4448	sol	spem	3.563	0.888	0.000	0.98
734708.4448	sol	vergst	0.448	0.128	0.001	0.98
734708.4448	sol	vergtr	0.521	0.115	0.006	0.97
734708.4524	sol	fix	0.410	0.000	1.000	0.95
734708.4524	sol	sacc	3.936	0.740	0.000	0.99
734708.4524	sol	spem	3.230	0.905	0.000	0.98
734708.4524	sol	vergst	7.846	0.032	0.032	0.97
734708.4524	sol	vergtr	5.766	0.190	0.001	0.95
734708.4666	CSM	fix	0.567	0.000	1.000	0.99
734708.4666	CSM	sacc	5.108	0.528	0.000	0.99
734708.4666	CSM	spem	4.845	0.748	0.000	0.99
734708.4666	CSM	vergst	6.335	0.036	0.027	0.97
734708.4666	CSM	vergtr	6.350	0.058	0.017	0.99
734708.4751	CSM	fix	0.978	0.000	1.000	0.95
734708.4751	CSM	sacc	4.446	0.617	0.000	0.98
734708.4751	CSM	spem	4.281	0.786	0.000	0.94
734708.4751	CSM	vergst	1.095	0.154	0.001	0.96
734708.4751	CSM	vergtr	1.087	0.116	0.002	0.97
734708.4834	CSM	fix	0.631	0.000	1.000	0.99
734708.4834	CSM	sacc	4.851	0.567	0.000	0.99
734708.4834	CSM	spem	4.124	0.833	0.000	0.98
734708.4834	CSM	vergst	6.269	0.051	0.039	0.99
734708.4834	CSM	vergtr	4.917	0.154	0.000	0.99
734708.4998	CSM	fix	0.839	0.000	1.000	0.98
734708.4998	CSM	sacc	4.784	0.582	0.000	0.99
734708.4998	CSM	spem	4.309	0.803	0.000	0.97
734708.4998	CSM	vergst	0.959	0.093	0.000	0.99
734708.4998	CSM	vergtr	0.959	0.049	0.004	0.97
734708.5117	CSM	fix	1.895	0.000	1.000	0.56
734708.5117	CSM	sacc	5.756	0.390	0.000	0.59
734708.5117	CSM	spem	4.606	0.740	0.000	0.78
734708.5117	CSM	vergst	6.462	0.074	0.175	0.73
734708.5117	CSM	vergtr	5.578	0.119	0.000	0.36
734708.5221	CSM	fix	0.777	0.000	1.000	0.89
734708.5221	CSM	sacc	4.414	0.676	0.000	0.95
734708.5221	CSM	spem	4.376	0.853	0.000	0.95
734708.5221	CSM	vergst	8.732	0.048	0.180	0.93
734708.5221	CSM	vergtr	8.754	0.018	0.283	0.88
734708.5298	CSM	fix	0.910	0.000	1.000	0.92
734708.5298	CSM	sacc	4.451	0.620	0.000	0.84
734708.5298	CSM	spem	4.843	0.833	0.000	0.85
734708.5298	CSM	vergst	0.980	0.115	0.003	0.94
734708.5298	CSM	vergtr	0.988	0.052	0.116	0.93
734708.5465	CSM	fix	0.616	0.000	1.000	0.89
734708.5465	CSM	sacc	4.404	0.582	0.000	0.75
734708.5465	CSM	spem	4.993	0.793	0.000	0.80
734708.5465	CSM	vergst	9.546	0.030	0.028	0.92
734708.5465	CSM	vergtr	5.300	0.154	0.000	0.95
734708.5543	CSM	fix	0.659	0.000	1.000	0.81
734708.5543	CSM	sacc	4.575	0.603	0.000	0.69
734708.5543	CSM	spem	4.971	0.833	0.000	0.84
734708.5543	CSM	vergst	0.750	0.097	0.009	0.91
734708.5543	CSM	vergtr	0.826	0.126	0.000	0.77
734708.5654	CSM	fix	0.961	0.000	1.000	0.91
734708.5654	CSM	sacc	4.339	0.651	0.000	0.87
734708.5654	CSM	spem	4.647	0.802	0.000	0.76
734708.5654	CSM	vergst	9.125	0.067	0.201	0.91
734708.5654	CSM	vergtr	5.472	0.219	0.000	0.87
